[Location]
latitude = 35.027804
longitude = -111.022104
roll = 0.0
pitch = 90.0
yaw = 0.0
bearing = 0.0

[Camera]
intrinsicmat = [6.5746697944293521e+002 0. 3.1950000000000000e+002], [0. 6.5746697944293521e+002 2.3950000000000000e+002], [0. 0. 1.]
distortioncoeff = [-4.1802327176423804e-001 5.0715244063187526e-001 0. 0. -5.7843597214487474e-001]

[Database]
local = /home/brizo/Documents/MeteorTracker/MeteorTracker/Database/local.db
localimages = /home/brizo/Documents/MeteorTracker/MeteorTracker/Database/images/
localtable = events
remote = www.futurewebsite.com/api
uselocal = True
useremote = False

[Settings]
cameraport = 0

